100 9.632110595703125e-05
200 6.866455078125e-05
300 7.009506225585938e-05
400 7.843971252441406e-05
500 9.1552734375e-05
600 0.00015211105346679688
700 9.417533874511719e-05
800 9.369850158691406e-05
900 8.273124694824219e-05
1000 9.751319885253906e-05
1100 9.775161743164062e-05
1200 9.918212890625e-05
1300 0.00010061264038085938
1400 0.00010776519775390625
1500 0.00011801719665527344
1600 0.00012826919555664062
1700 0.00011086463928222656
1800 0.00015020370483398438
1900 7.891654968261719e-05
2000 8.7738037109375e-05
2100 8.320808410644531e-05
2200 9.012222290039062e-05
2300 8.96453857421875e-05
2400 8.749961853027344e-05
2500 8.702278137207031e-05
2600 0.00010633468627929688
2700 9.489059448242188e-05
2800 0.00010275840759277344
2900 0.00010728836059570312
3000 0.00011682510375976562
3100 0.00016570091247558594
3200 0.00018906593322753906
3300 0.000152587890625
3400 0.00029778480529785156
3500 0.00023126602172851562
3600 0.0001590251922607422
3700 0.0001804828643798828
3800 0.0001323223114013672
3900 0.00014829635620117188
4000 0.0001697540283203125
4100 0.0001304149627685547
4200 0.00015234947204589844
4300 0.0001499652862548828
4400 0.00016021728515625
4500 0.00015616416931152344
4600 0.0001747608184814453
4700 0.00018739700317382812
4800 0.00017261505126953125
4900 0.00017309188842773438
5000 0.00017905235290527344
5100 0.00018668174743652344
5200 0.00019931793212890625
5300 0.0002052783966064453
5400 0.0002219676971435547
5500 0.00021648406982421875
5600 0.00022935867309570312
5700 0.00022482872009277344
5800 0.0002532005310058594
5900 0.00026106834411621094
6000 0.0002491474151611328
6100 0.0002338886260986328
6200 0.00023984909057617188
6300 0.0002410411834716797
6400 0.0002777576446533203
6500 0.0002465248107910156
6600 0.00025653839111328125
6700 0.00025773048400878906
6800 0.0002560615539550781
6900 0.00027489662170410156
7000 0.0002694129943847656
7100 0.0003070831298828125
7200 0.0007863044738769531
7300 0.0003485679626464844
7400 0.0003218650817871094
7500 0.0003399848937988281
7600 0.00035119056701660156
7700 0.0003466606140136719
7800 0.0004241466522216797
7900 0.00047588348388671875
8000 0.00044608116149902344
8100 0.0003864765167236328
8200 0.00037550926208496094
8300 0.0004024505615234375
8400 0.00040841102600097656
8500 0.0005342960357666016
8600 0.0005884170532226562
8700 0.00038886070251464844
8800 0.0003876686096191406
8900 0.000400543212890625
9000 0.0006947517395019531
9100 0.0004897117614746094
9200 0.0004324913024902344
9300 0.0004241466522216797
9400 0.0004916191101074219
9500 0.0004336833953857422
9600 0.0004642009735107422
9700 0.0005028247833251953
9800 0.0004506111145019531
9900 0.0004887580871582031
10000 0.0004718303680419922
10100 0.0004856586456298828
10200 0.0005133152008056641
10300 0.00048613548278808594
10400 0.0005269050598144531
10500 0.0004916191101074219
10600 0.0005290508270263672
10700 0.0005731582641601562
10800 0.0010018348693847656
10900 0.0008940696716308594
11000 0.0006692409515380859
11100 0.0007145404815673828
11200 0.0006189346313476562
11300 0.0006072521209716797
11400 0.00063323974609375
11500 0.0006394386291503906
11600 0.0006327629089355469
11700 0.0006318092346191406
11800 0.0006356239318847656
11900 0.0007908344268798828
12000 0.0006959438323974609
12100 0.0006532669067382812
12200 0.0006167888641357422
12300 0.0005919933319091797
12400 0.0006208419799804688
12500 0.0006203651428222656
12600 0.0006537437438964844
12700 0.0006234645843505859
12800 0.000701904296875
12900 0.0006527900695800781
13000 0.0006718635559082031
13100 0.0006463527679443359
13200 0.0013015270233154297
13300 0.0007233619689941406
13400 0.0006792545318603516
13500 0.0007655620574951172
13600 0.0007302761077880859
13700 0.0006442070007324219
13800 0.0006802082061767578
13900 0.0006616115570068359
14000 0.0007231235504150391
14100 0.0007045269012451172
14200 0.0008611679077148438
14300 0.0008490085601806641
14400 0.0010769367218017578
14500 0.0012249946594238281
14600 0.0011627674102783203
14700 0.0012755393981933594
14800 0.0011489391326904297
14900 0.0012581348419189453
15000 0.0012226104736328125
15100 0.0012385845184326172
15200 0.0012943744659423828
15300 0.0012803077697753906
15400 0.0013055801391601562
15500 0.0010101795196533203
15600 0.001079559326171875
15700 0.0009722709655761719
15800 0.0009224414825439453
15900 0.0009109973907470703
16000 0.001020193099975586
16100 0.001016378402709961
16200 0.0009937286376953125
16300 0.0011036396026611328
16400 0.0017826557159423828
16500 0.0009815692901611328
16600 0.0010881423950195312
16700 0.0009922981262207031
16800 0.0009748935699462891
16900 0.0010485649108886719
17000 0.0010182857513427734
17100 0.0010094642639160156
17200 0.001363992691040039
17300 0.0012102127075195312
17400 0.0011186599731445312
17500 0.0010728836059570312
17600 0.0010879039764404297
17700 0.001087188720703125
17800 0.0010869503021240234
17900 0.0011281967163085938
18000 0.0012784004211425781
18100 0.001203298568725586
18200 0.0011932849884033203
18300 0.0012042522430419922
18400 0.001238107681274414
18500 0.0011658668518066406
18600 0.0014040470123291016
18700 0.0012617111206054688
18800 0.0012221336364746094
18900 0.00119781494140625
19000 0.0012199878692626953
19100 0.0012214183807373047
19200 0.0012509822845458984
19300 0.0013718605041503906
19400 0.0012867450714111328
19500 0.0012600421905517578
19600 0.0012805461883544922
19700 0.0013184547424316406
19800 0.0013737678527832031
19900 0.0016560554504394531
20000 0.0014503002166748047
20100 0.001589059829711914
20200 0.0016210079193115234
20300 0.001741647720336914
20400 0.001455068588256836
20500 0.0016219615936279297
20600 0.0015010833740234375
20700 0.0015380382537841797
20800 0.001683950424194336
20900 0.0016543865203857422
21000 0.0016012191772460938
21100 0.001725912094116211
21200 0.0015308856964111328
21300 0.0015475749969482422
21400 0.0015511512756347656
21500 0.0015876293182373047
21600 0.0017840862274169922
21700 0.0018906593322753906
21800 0.001630544662475586
21900 0.0016789436340332031
22000 0.0017707347869873047
22100 0.0021941661834716797
22200 0.002435445785522461
22300 0.0018477439880371094
22400 0.0019011497497558594
22500 0.0018343925476074219
22600 0.0018177032470703125
22700 0.0017545223236083984
22800 0.0017497539520263672
22900 0.0017502307891845703
23000 0.0017719268798828125
23100 0.001739501953125
23200 0.001874685287475586
23300 0.0017676353454589844
23400 0.0018587112426757812
23500 0.0019123554229736328
23600 0.001988649368286133
23700 0.0021698474884033203
23800 0.0020399093627929688
23900 0.0019516944885253906
24000 0.001939535140991211
24100 0.002000093460083008
24200 0.0020716190338134766
24300 0.0019452571868896484
24400 0.0017697811126708984
24500 0.0017192363739013672
24600 0.0031998157501220703
24700 0.0017812252044677734
24800 0.0017361640930175781
24900 0.0018107891082763672
25000 0.001764535903930664
25100 0.0018417835235595703
25200 0.0018429756164550781
25300 0.0018777847290039062
25400 0.0018913745880126953
25500 0.002217531204223633
25600 0.0019497871398925781
25700 0.0019352436065673828
25800 0.0018558502197265625
25900 0.0019102096557617188
26000 0.0020422935485839844
26100 0.0018417835235595703
26200 0.0019156932830810547
26300 0.0019910335540771484
26400 0.0019316673278808594
26500 0.0018868446350097656
26600 0.0019338130950927734
26700 0.002022266387939453
26800 0.0021202564239501953
26900 0.0020041465759277344
27000 0.002028942108154297
27100 0.002114534378051758
27200 0.0021665096282958984
27300 0.002147197723388672
27400 0.002054929733276367
27500 0.0022430419921875
27600 0.0020804405212402344
27700 0.002077817916870117
27800 0.0020949840545654297
27900 0.0026307106018066406
28000 0.0021317005157470703
28100 0.0021140575408935547
28200 0.0021522045135498047
28300 0.002269268035888672
28400 0.002202749252319336
28500 0.002154111862182617
28600 0.0022783279418945312
28700 0.002511262893676758
28800 0.002264261245727539
28900 0.0022704601287841797
29000 0.002312183380126953
29100 0.002282381057739258
29200 0.002312183380126953
29300 0.0026557445526123047
29400 0.002422809600830078
29500 0.0023376941680908203
29600 0.0023636817932128906
29700 0.0023572444915771484
29800 0.0023546218872070312
29900 0.0023260116577148438
30000 0.0026397705078125
30100 0.0024869441986083984
30200 0.002427816390991211
30300 0.0024259090423583984
30400 0.002452373504638672
30500 0.002515077590942383
30600 0.002514362335205078
30700 0.0028138160705566406
30800 0.0025093555450439453
30900 0.0024509429931640625
31000 0.0025091171264648438
31100 0.0025298595428466797
31200 0.0025451183319091797
31300 0.0025701522827148438
31400 0.0029969215393066406
31500 0.002580404281616211
31600 0.0025680065155029297
31700 0.0026640892028808594
31800 0.002652406692504883
31900 0.002904176712036133
32000 0.003151416778564453
32100 0.002688169479370117
32200 0.0027136802673339844
32300 0.0026814937591552734
32400 0.002712726593017578
32500 0.003272533416748047
32600 0.002798318862915039
32700 0.002764463424682617
32800 0.0028371810913085938
32900 0.0027565956115722656
33000 0.0027875900268554688
33100 0.003082275390625
33200 0.002952098846435547
33300 0.0028400421142578125
33400 0.0029115676879882812
33500 0.0028896331787109375
33600 0.0029125213623046875
33700 0.003063678741455078
33800 0.003022432327270508
33900 0.003061056137084961
34000 0.0029790401458740234
34100 0.0030167102813720703
34200 0.003139495849609375
34300 0.0030088424682617188
34400 0.0030431747436523438
34500 0.003078460693359375
34600 0.003113985061645508
34700 0.0032765865325927734
34800 0.003200531005859375
34900 0.003076314926147461
35000 0.0031609535217285156
35100 0.003173828125
35200 0.0033025741577148438
35300 0.003299236297607422
35400 0.0031900405883789062
35500 0.003222227096557617
35600 0.0031697750091552734
35700 0.003546476364135742
35800 0.003559589385986328
35900 0.003276348114013672
36000 0.003354787826538086
36100 0.003307819366455078
36200 0.0033617019653320312
36300 0.0035419464111328125
36400 0.003362894058227539
36500 0.0033729076385498047
36600 0.0034198760986328125
36700 0.003447294235229492
36800 0.0035860538482666016
36900 0.003368854522705078
37000 0.0034286975860595703
37100 0.0034558773040771484
37200 0.003594636917114258
37300 0.003552675247192383
37400 0.003648519515991211
37500 0.003529787063598633
37600 0.003572702407836914
37700 0.0037305355072021484
37800 0.003554821014404297
37900 0.0035619735717773438
38000 0.003633260726928711
38100 0.003680706024169922
38200 0.0036611557006835938
38300 0.003769397735595703
38400 0.0037326812744140625
38500 0.003987789154052734
38600 0.0038292407989501953
38700 0.003751039505004883
38800 0.0037527084350585938
38900 0.003913164138793945
39000 0.003913402557373047
39100 0.0037772655487060547
39200 0.003777742385864258
39300 0.0038154125213623047
39400 0.00429081916809082
39500 0.004102230072021484
39600 0.003995180130004883
39700 0.003916740417480469
39800 0.004141807556152344
39900 0.004163026809692383
40000 0.003988981246948242
40100 0.0041849613189697266
40200 0.0041353702545166016
40300 0.004103899002075195
40400 0.004074573516845703
40500 0.0041446685791015625
40600 0.004092216491699219
40700 0.0041959285736083984
40800 0.004250288009643555
40900 0.00429081916809082
41000 0.004144191741943359
41100 0.004259586334228516
41200 0.004270315170288086
41300 0.00435948371887207
41400 0.004282951354980469
41500 0.0043985843658447266
41600 0.004248857498168945
41700 0.004309415817260742
41800 0.004289865493774414
41900 0.0045359134674072266
42000 0.004365682601928711
42100 0.004995107650756836
42200 0.0045435428619384766
42300 0.00445866584777832
42400 0.004468202590942383
42500 0.004338979721069336
42600 0.00462651252746582
42700 0.004484415054321289
42800 0.004534721374511719
42900 0.004570960998535156
43000 0.004536867141723633
43100 0.004638195037841797
43200 0.004535675048828125
43300 0.0047647953033447266
43400 0.004624843597412109
43500 0.004686594009399414
43600 0.004698753356933594
43700 0.004626750946044922
43800 0.004998922348022461
43900 0.0047643184661865234
44000 0.0049877166748046875
44100 0.0048999786376953125
44200 0.00482630729675293
44300 0.004939079284667969
44400 0.0049555301666259766
44500 0.005343198776245117
44600 0.0049135684967041016
44700 0.005345821380615234
44800 0.00498652458190918
44900 0.005248546600341797
45000 0.005376577377319336
45100 0.005015134811401367
45200 0.005134105682373047
45300 0.005364656448364258
45400 0.0051250457763671875
45500 0.005460977554321289
45600 0.005288600921630859
45700 0.00529932975769043
45800 0.005321979522705078
45900 0.005391359329223633
46000 0.005310773849487305
46100 0.005558013916015625
46200 0.005693912506103516
46300 0.005319356918334961
46400 0.0053026676177978516
46500 0.0058441162109375
46600 0.0053882598876953125
46700 0.005393028259277344
46800 0.005685091018676758
46900 0.005578517913818359
47000 0.005388975143432617
47100 0.005644798278808594
47200 0.005995750427246094
47300 0.006110191345214844
47400 0.006315469741821289
47500 0.005607128143310547
47600 0.005629062652587891
47700 0.005757570266723633
47800 0.005795001983642578
47900 0.00586390495300293
48000 0.005850791931152344
48100 0.005811214447021484
48200 0.005791664123535156
48300 0.0060269832611083984
48400 0.005835056304931641
48500 0.0054759979248046875
48600 0.005415201187133789
48700 0.005610942840576172
48800 0.00612640380859375
48900 0.005286693572998047
49000 0.005220890045166016
49100 0.005156278610229492
49200 0.005231618881225586
49300 0.005196332931518555
49400 0.0052165985107421875
49500 0.005240917205810547
49600 0.0055370330810546875
49700 0.0056726932525634766
49800 0.005442142486572266
49900 0.005536317825317383
50000 0.005268573760986328
50100 0.005348682403564453
50200 0.0054340362548828125
50300 0.00534510612487793
50400 0.005694866180419922
50500 0.0055124759674072266
50600 0.005350351333618164
50700 0.006878852844238281
50800 0.006580352783203125
50900 0.0053822994232177734
51000 0.005699634552001953
51100 0.0058803558349609375
51200 0.005629301071166992
51300 0.005918741226196289
51400 0.0055048465728759766
51500 0.005476474761962891
51600 0.005719423294067383
51700 0.006319761276245117
51800 0.005657196044921875
51900 0.007076740264892578
52000 0.0064394474029541016
52100 0.0061414241790771484
52200 0.006182670593261719
52300 0.006178379058837891
52400 0.006569623947143555
52500 0.0061566829681396484
52600 0.007463216781616211
52700 0.005923032760620117
52800 0.0059506893157958984
52900 0.006241321563720703
53000 0.005958080291748047
53100 0.005872011184692383
53200 0.0060689449310302734
53300 0.0058367252349853516
53400 0.006101369857788086
53500 0.0063173770904541016
53600 0.006001710891723633
53700 0.006207466125488281
53800 0.006319284439086914
53900 0.006181478500366211
54000 0.0064318180084228516
54100 0.006112575531005859
54200 0.006229400634765625
54300 0.0063130855560302734
54400 0.006290435791015625
54500 0.006590843200683594
54600 0.0063555240631103516
54700 0.006208658218383789
54800 0.008370637893676758
54900 0.006974697113037109
55000 0.0065479278564453125
55100 0.006444215774536133
55200 0.0063991546630859375
55300 0.0064544677734375
55400 0.006516933441162109
55500 0.006559133529663086
55600 0.006385326385498047
55700 0.006471395492553711
55800 0.006757497787475586
55900 0.006418466567993164
56000 0.006836891174316406
56100 0.006459236145019531
56200 0.006476879119873047
56300 0.0067195892333984375
56400 0.006494998931884766
56500 0.0067102909088134766
56600 0.0066988468170166016
56700 0.007020473480224609
56800 0.006968975067138672
56900 0.006547689437866211
57000 0.006715536117553711
57100 0.006684541702270508
57200 0.0067980289459228516
57300 0.007032871246337891
57400 0.006611347198486328
57500 0.006788492202758789
57600 0.0067441463470458984
57700 0.006795406341552734
57800 0.006798505783081055
57900 0.0068089962005615234
58000 0.007329463958740234
58100 0.0076830387115478516
58200 0.008476495742797852
58300 0.007062196731567383
58400 0.007108926773071289
58500 0.006823301315307617
58600 0.007044792175292969
58700 0.006922006607055664
58800 0.006986856460571289
58900 0.007032155990600586
59000 0.00729060173034668
59100 0.0074634552001953125
59200 0.007193088531494141
59300 0.007378816604614258
59400 0.007321834564208984
59500 0.007162809371948242
59600 0.010556459426879883
59700 0.0073146820068359375
59800 0.007265567779541016
59900 0.007205963134765625
60000 0.0073490142822265625
60100 0.0073010921478271484
60200 0.007440090179443359
60300 0.007158994674682617
60400 0.007447481155395508
60500 0.0075244903564453125
60600 0.007367134094238281
60700 0.007864952087402344
60800 0.008803367614746094
60900 0.0076596736907958984
61000 0.00748133659362793
61100 0.007600069046020508
61200 0.007651567459106445
61300 0.008004903793334961
61400 0.007708549499511719
61500 0.007456779479980469
61600 0.007558345794677734
61700 0.007472038269042969
61800 0.007641792297363281
61900 0.007821321487426758
62000 0.007843255996704102
62100 0.007817983627319336
62200 0.00780034065246582
62300 0.0077250003814697266
62400 0.007805585861206055
62500 0.0077016353607177734
62600 0.008437871932983398
62700 0.00785684585571289
62800 0.007980823516845703
62900 0.007840633392333984
63000 0.008275985717773438
63100 0.00783085823059082
63200 0.007935047149658203
63300 0.008002281188964844
63400 0.009149551391601562
63500 0.008048057556152344
63600 0.008523225784301758
63700 0.008864879608154297
63800 0.008419513702392578
63900 0.008069753646850586
64000 0.008167743682861328
64100 0.007954597473144531
64200 0.008209943771362305
64300 0.008134841918945312
64400 0.00820016860961914
64500 0.008227109909057617
64600 0.00828242301940918
64700 0.008244752883911133
64800 0.008320808410644531
64900 0.008545875549316406
65000 0.00872659683227539
65100 0.008434295654296875
65200 0.008902788162231445
65300 0.008639335632324219
65400 0.008459329605102539
65500 0.008470773696899414
65600 0.008531808853149414
65700 0.008454561233520508
65800 0.008606195449829102
65900 0.008434295654296875
66000 0.008689403533935547
66100 0.008590936660766602
66200 0.008960247039794922
66300 0.008639812469482422
66400 0.008925914764404297
66500 0.008617877960205078
66600 0.008691787719726562
66700 0.008711576461791992
66800 0.009385347366333008
66900 0.009552478790283203
67000 0.009628772735595703
67100 0.009079694747924805
67200 0.009273767471313477
67300 0.009324073791503906
67400 0.009118318557739258
67500 0.009296178817749023
67600 0.009174108505249023
67700 0.009415149688720703
67800 0.009398221969604492
67900 0.009139776229858398
68000 0.009401559829711914
68100 0.013434886932373047
68200 0.009633064270019531
68300 0.00932168960571289
68400 0.009337186813354492
68500 0.007272243499755859
68600 0.007442474365234375
68700 0.009359121322631836
68800 0.009329557418823242
68900 0.009479284286499023
69000 0.009296894073486328
69100 0.00953221321105957
69200 0.00951695442199707
69300 0.009591102600097656
69400 0.008582353591918945
69500 0.009804964065551758
69600 0.009428262710571289
69700 0.009679794311523438
69800 0.00957798957824707
69900 0.009582996368408203
70000 0.009812355041503906
70100 0.009068965911865234
70200 0.009716272354125977
70300 0.009956121444702148
70400 0.009954214096069336
70500 0.010368824005126953
70600 0.01005864143371582
70700 0.010103940963745117
70800 0.010190725326538086
70900 0.009929656982421875
71000 0.010035514831542969
71100 0.010486125946044922
71200 0.009758234024047852
71300 0.010030269622802734
71400 0.009838104248046875
71500 0.010252952575683594
71600 0.010095596313476562
71700 0.009979963302612305
71800 0.010406494140625
71900 0.010529518127441406
72000 0.010124683380126953
72100 0.00963282585144043
72200 0.010228395462036133
72300 0.010457515716552734
72400 0.010291099548339844
72500 0.01022481918334961
72600 0.010547637939453125
72700 0.010444402694702148
72800 0.01052713394165039
72900 0.010985612869262695
73000 0.010404586791992188
73100 0.01068568229675293
73200 0.010668277740478516
73300 0.010821104049682617
73400 0.0107879638671875
73500 0.01045083999633789
73600 0.010388374328613281
73700 0.010288238525390625
73800 0.010402202606201172
73900 0.010830163955688477
74000 0.010823726654052734
74100 0.010482072830200195
74200 0.011044502258300781
74300 0.010773181915283203
74400 0.01059412956237793
74500 0.010830402374267578
74600 0.011143684387207031
74700 0.010623693466186523
74800 0.011130332946777344
74900 0.010947942733764648
75000 0.011434793472290039
75100 0.011243104934692383
75200 0.011478185653686523
75300 0.01101827621459961
75400 0.01137089729309082
75500 0.01120901107788086
75600 0.011095046997070312
75700 0.011181831359863281
75800 0.011315345764160156
75900 0.01138448715209961
76000 0.011950492858886719
76100 0.010970115661621094
76200 0.011139869689941406
76300 0.011941671371459961
76400 0.011249303817749023
76500 0.011089801788330078
76600 0.011220216751098633
76700 0.011147022247314453
76800 0.01139211654663086
76900 0.011452674865722656
77000 0.011355400085449219
77100 0.012114524841308594
77200 0.011553287506103516
77300 0.011449575424194336
77400 0.011689186096191406
77500 0.011404275894165039
77600 0.011775493621826172
77700 0.0114288330078125
77800 0.011530876159667969
77900 0.013350248336791992
78000 0.01169896125793457
78100 0.011713981628417969
78200 0.011592626571655273
78300 0.011882305145263672
78400 0.012675046920776367
78500 0.012351274490356445
78600 0.011679649353027344
78700 0.01178741455078125
78800 0.011993169784545898
78900 0.011663436889648438
79000 0.012172698974609375
79100 0.013065338134765625
79200 0.012028932571411133
79300 0.013209819793701172
79400 0.012557744979858398
79500 0.012349128723144531
79600 0.012157917022705078
79700 0.011994361877441406
79800 0.011946439743041992
79900 0.013099431991577148
80000 0.01204681396484375
80100 0.01226496696472168
80200 0.012180805206298828
80300 0.013558626174926758
80400 0.015030384063720703
80500 0.017364025115966797
80600 0.016050100326538086
80700 0.012446403503417969
80800 0.012485504150390625
80900 0.012897968292236328
81000 0.015010356903076172
81100 0.013200759887695312
81200 0.013098001480102539
81300 0.012495279312133789
81400 0.012262821197509766
81500 0.013312578201293945
81600 0.014304399490356445
81700 0.013323545455932617
81800 0.012781620025634766
81900 0.01325368881225586
82000 0.012738227844238281
82100 0.012852191925048828
82200 0.013240575790405273
82300 0.013022184371948242
82400 0.013927459716796875
82500 0.012796878814697266
82600 0.012763500213623047
82700 0.012647390365600586
82800 0.013125181198120117
82900 0.013132572174072266
83000 0.013036727905273438
83100 0.012801647186279297
83200 0.013677358627319336
83300 0.014961719512939453
83400 0.013033390045166016
83500 0.013007164001464844
83600 0.01310586929321289
83700 0.013020515441894531
83800 0.013175725936889648
83900 0.01409769058227539
84000 0.017355918884277344
84100 0.016216754913330078
84200 0.015011072158813477
84300 0.014553070068359375
84400 0.013861894607543945
84500 0.014127731323242188
84600 0.013966560363769531
84700 0.0138702392578125
84800 0.014251947402954102
84900 0.014651775360107422
85000 0.013971090316772461
85100 0.013608932495117188
85200 0.014268159866333008
85300 0.013944864273071289
85400 0.01404261589050293
85500 0.013456344604492188
85600 0.013533830642700195
85700 0.013664722442626953
85800 0.013969659805297852
85900 0.014229059219360352
86000 0.013890981674194336
86100 0.014261484146118164
86200 0.014093875885009766
86300 0.014536380767822266
86400 0.013990640640258789
86500 0.014186859130859375
86600 0.014084100723266602
86700 0.014587163925170898
86800 0.014265775680541992
86900 0.01443338394165039
87000 0.01468968391418457
87100 0.014647722244262695
87200 0.014470100402832031
87300 0.01490330696105957
87400 0.01481008529663086
87500 0.014707803726196289
87600 0.014594078063964844
87700 0.015482902526855469
87800 0.015463590621948242
87900 0.015578985214233398
88000 0.02006077766418457
88100 0.01602339744567871
88200 0.015583276748657227
88300 0.014284133911132812
88400 0.01483917236328125
88500 0.014818668365478516
88600 0.014897584915161133
88700 0.015199422836303711
88800 0.015164613723754883
88900 0.031048297882080078
89000 0.015889883041381836
89100 0.01602792739868164
89200 0.015712976455688477
89300 0.016347885131835938
89400 0.015293359756469727
89500 0.014990806579589844
89600 0.015631437301635742
89700 0.015110492706298828
89800 0.015918970108032227
89900 0.015780210494995117
90000 0.017085552215576172
90100 0.016328811645507812
90200 0.015544652938842773
90300 0.01577281951904297
90400 0.015616416931152344
90500 0.01584649085998535
90600 0.016937732696533203
90700 0.016125917434692383
90800 0.015947341918945312
90900 0.015844106674194336
91000 0.01627945899963379
91100 0.01650094985961914
91200 0.01634693145751953
91300 0.01588726043701172
91400 0.015216588973999023
91500 0.01634526252746582
91600 0.016102313995361328
91700 0.0158843994140625
91800 0.015923261642456055
91900 0.015726327896118164
92000 0.01599717140197754
92100 0.015737056732177734
92200 0.016016244888305664
92300 0.015980958938598633
92400 0.015955686569213867
92500 0.0168609619140625
92600 0.016495227813720703
92700 0.017204761505126953
92800 0.016672134399414062
92900 0.01701521873474121
93000 0.016415119171142578
93100 0.01669454574584961
93200 0.01642322540283203
93300 0.016527414321899414
93400 0.01680135726928711
93500 0.01678156852722168
93600 0.016826152801513672
93700 0.01572871208190918
93800 0.016683340072631836
93900 0.016697406768798828
94000 0.016771793365478516
94100 0.016779184341430664
94200 0.01702737808227539
94300 0.016694307327270508
94400 0.01694631576538086
94500 0.016878843307495117
94600 0.016787290573120117
94700 0.016774415969848633
94800 0.016839265823364258
94900 0.018312692642211914
95000 0.01686835289001465
95100 0.017553329467773438
95200 0.020434856414794922
95300 0.020039796829223633
95400 0.017346620559692383
95500 0.01800704002380371
95600 0.01751422882080078
95700 0.017700672149658203
95800 0.017760753631591797
95900 0.0181119441986084
96000 0.01766347885131836
96100 0.0173799991607666
96200 0.01789093017578125
96300 0.0216217041015625
96400 0.017969131469726562
96500 0.017674684524536133
96600 0.017540454864501953
96700 0.017615795135498047
96800 0.01778697967529297
96900 0.01674032211303711
97000 0.017235517501831055
97100 0.016672849655151367
97200 0.0167694091796875
97300 0.016109704971313477
97400 0.016318559646606445
97500 0.016073226928710938
97600 0.01630258560180664
97700 0.015950679779052734
97800 0.016095638275146484
97900 0.015572786331176758
98000 0.015648365020751953
98100 0.015519857406616211
98200 0.01578688621520996
98300 0.015720367431640625
98400 0.015832901000976562
98500 0.016066551208496094
98600 0.015843868255615234
98700 0.0164337158203125
98800 0.016092777252197266
98900 0.015712738037109375
99000 0.016005516052246094
99100 0.015904903411865234
99200 0.016051054000854492
99300 0.015999555587768555
99400 0.01596522331237793
99500 0.01619553565979004
99600 0.016584157943725586
99700 0.016107797622680664
99800 0.016507863998413086
99900 0.016118288040161133
