1 9.5367431640625e-06
2 4.76837158203125e-06
3 4.0531158447265625e-06
4 4.291534423828125e-06
5 6.9141387939453125e-06
6 1.0013580322265625e-05
7 1.3113021850585938e-05
8 2.193450927734375e-05
9 3.528594970703125e-05
10 7.009506225585938e-05
11 9.393692016601562e-05
12 0.0001575946807861328
13 0.00024962425231933594
14 0.0003094673156738281
15 0.0003261566162109375
16 0.0005576610565185547
17 0.0010385513305664062
18 0.0014202594757080078
19 0.0034291744232177734
20 0.00845193862915039
21 0.011444091796875
22 0.019033432006835938
23 0.034815073013305664
24 0.06425762176513672
25 0.10032033920288086
26 0.15428447723388672
27 0.2532963752746582
28 0.4016993045806885
29 0.6428103446960449
30 1.0026073455810547
