100 0.00010085105895996094
200 0.00014281272888183594
300 0.000156402587890625
400 0.0002732276916503906
500 0.00030803680419921875
600 0.00034499168395996094
700 0.0004699230194091797
800 0.00030803680419921875
900 0.0003495216369628906
1000 0.0007102489471435547
1100 0.0006306171417236328
1200 0.0007002353668212891
1300 0.0007307529449462891
1400 0.0009016990661621094
1500 0.0009224414825439453
1600 0.0008559226989746094
1700 0.0008752346038818359
1800 0.0009410381317138672
1900 0.0009920597076416016
2000 0.0012280941009521484
2100 0.0012257099151611328
2200 0.0013136863708496094
2300 0.001329183578491211
2400 0.00136566162109375
2500 0.0015499591827392578
2600 0.001978635787963867
2700 0.0013206005096435547
2800 0.0012562274932861328
2900 0.0012776851654052734
3000 0.0012965202331542969
3100 0.0013401508331298828
3200 0.0017933845520019531
3300 0.0014984607696533203
3400 0.0015611648559570312
3500 0.0018241405487060547
3600 0.0017292499542236328
3700 0.002766847610473633
3800 0.002294301986694336
3900 0.002753734588623047
4000 0.0026140213012695312
4100 0.0025501251220703125
4200 0.002568960189819336
4300 0.0021708011627197266
4400 0.0024042129516601562
4500 0.003242969512939453
4600 0.0037522315979003906
4700 0.004240989685058594
4800 0.004141092300415039
4900 0.0029726028442382812
5000 0.004022359848022461
5100 0.0027549266815185547
5200 0.0026857852935791016
5300 0.002989530563354492
5400 0.0036525726318359375
5500 0.004072904586791992
5600 0.003242969512939453
5700 0.0030770301818847656
5800 0.0032491683959960938
5900 0.0030465126037597656
6000 0.0031914710998535156
6100 0.0038826465606689453
6200 0.003306150436401367
6300 0.0034155845642089844
6400 0.0034143924713134766
6500 0.0036394596099853516
6600 0.0031490325927734375
6700 0.0036940574645996094
6800 0.0037839412689208984
6900 0.003846883773803711
7000 0.004492282867431641
7100 0.004025936126708984
7200 0.004106283187866211
7300 0.004199981689453125
7400 0.004888057708740234
7500 0.0043866634368896484
7600 0.004486799240112305
7700 0.005426645278930664
7800 0.004746913909912109
7900 0.005087137222290039
8000 0.0048656463623046875
8100 0.0056455135345458984
8200 0.005345344543457031
8300 0.005158901214599609
8400 0.007339954376220703
8500 0.005746126174926758
8600 0.0059468746185302734
8700 0.005497455596923828
8800 0.0056781768798828125
8900 0.006819486618041992
9000 0.00601649284362793
9100 0.005902290344238281
9200 0.006923198699951172
9300 0.006874799728393555
9400 0.007074117660522461
9500 0.006453990936279297
9600 0.0064239501953125
9700 0.00710749626159668
9800 0.006951093673706055
9900 0.0072667598724365234
10000 0.008908748626708984
10100 0.008531808853149414
10200 0.007951498031616211
10300 0.007865190505981445
10400 0.008014440536499023
10500 0.008257389068603516
10600 0.012855291366577148
10700 0.008481979370117188
10800 0.008394241333007812
10900 0.00864720344543457
11000 0.008789300918579102
11100 0.008824348449707031
11200 0.009056568145751953
11300 0.008913993835449219
11400 0.009141683578491211
11500 0.009265899658203125
11600 0.009330987930297852
11700 0.009401321411132812
11800 0.010431528091430664
11900 0.01388096809387207
12000 0.011423826217651367
12100 0.010410785675048828
12200 0.010371923446655273
12300 0.010518074035644531
12400 0.011531591415405273
12500 0.010671615600585938
12600 0.01059269905090332
12700 0.011296510696411133
12800 0.011457443237304688
12900 0.012788772583007812
13000 0.011318445205688477
13100 0.012453794479370117
13200 0.012258529663085938
13300 0.011468172073364258
13400 0.012199878692626953
13500 0.012697696685791016
13600 0.01664876937866211
13700 0.013160467147827148
13800 0.012933015823364258
13900 0.013963699340820312
14000 0.014765024185180664
14100 0.015365839004516602
14200 0.014552831649780273
14300 0.016275405883789062
14400 0.014757156372070312
14500 0.015094757080078125
14600 0.01566791534423828
14700 0.014313220977783203
14800 0.015594482421875
14900 0.015172004699707031
15000 0.014939069747924805
15100 0.015205860137939453
15200 0.01566767692565918
15300 0.01569080352783203
15400 0.01602768898010254
15500 0.016022920608520508
15600 0.01869988441467285
15700 0.018636465072631836
15800 0.01676487922668457
15900 0.01719522476196289
16000 0.015944957733154297
16100 0.01619410514831543
16200 0.017035245895385742
16300 0.016669750213623047
16400 0.016278982162475586
16500 0.017202377319335938
16600 0.016976594924926758
16700 0.017008066177368164
16800 0.017087221145629883
16900 0.01714181900024414
17000 0.017363786697387695
17100 0.017481327056884766
17200 0.017527103424072266
17300 0.018172502517700195
17400 0.01799488067626953
17500 0.01797652244567871
17600 0.018485546112060547
17700 0.018598556518554688
17800 0.01867198944091797
17900 0.01893305778503418
18000 0.01894974708557129
18100 0.018941402435302734
18200 0.019222021102905273
18300 0.019304513931274414
18400 0.019451618194580078
18500 0.019816160202026367
18600 0.01990652084350586
18700 0.01995706558227539
18800 0.020020723342895508
18900 0.02119588851928711
19000 0.020433664321899414
19100 0.021115541458129883
19200 0.021230220794677734
19300 0.02220773696899414
19400 0.022331714630126953
19500 0.023717641830444336
19600 0.02339792251586914
19700 0.024925708770751953
19800 0.023783445358276367
19900 0.02464890480041504
20000 0.023359060287475586
20100 0.02388906478881836
20200 0.023403644561767578
20300 0.02371954917907715
20400 0.023571252822875977
20500 0.02306532859802246
20600 0.0237424373626709
20700 0.02387380599975586
20800 0.02429652214050293
20900 0.024227619171142578
21000 0.025306224822998047
21100 0.02593064308166504
21200 0.02562427520751953
21300 0.024822711944580078
21400 0.024932861328125
21500 0.02530193328857422
21600 0.02539539337158203
21700 0.025638580322265625
21800 0.02701091766357422
21900 0.028421401977539062
22000 0.02779364585876465
22100 0.02729344367980957
22200 0.028695344924926758
22300 0.028657197952270508
22400 0.02883625030517578
22500 0.028603792190551758
22600 0.02793121337890625
22700 0.0283050537109375
22800 0.029026508331298828
22900 0.028778076171875
23000 0.029498815536499023
23100 0.029099702835083008
23200 0.029378414154052734
23300 0.029717683792114258
23400 0.030879497528076172
23500 0.03139781951904297
23600 0.03007221221923828
23700 0.030807018280029297
23800 0.03743243217468262
23900 0.03198599815368652
24000 0.03063511848449707
24100 0.031231403350830078
24200 0.031009435653686523
24300 0.031100988388061523
24400 0.031324148178100586
24500 0.03321266174316406
24600 0.03142690658569336
24700 0.03222346305847168
24800 0.03206682205200195
24900 0.032430171966552734
25000 0.0322263240814209
25100 0.032274723052978516
25200 0.03312492370605469
25300 0.03293108940124512
25400 0.032930612564086914
25500 0.033280134201049805
25600 0.03578805923461914
25700 0.03400993347167969
25800 0.034418344497680664
25900 0.03408670425415039
26000 0.0343170166015625
26100 0.035104990005493164
26200 0.03500962257385254
26300 0.03627777099609375
26400 0.036483049392700195
26500 0.03563570976257324
26600 0.03570961952209473
26700 0.03636574745178223
26800 0.036435842514038086
26900 0.03614521026611328
27000 0.036679744720458984
27100 0.03727412223815918
27200 0.03720450401306152
27300 0.03716468811035156
27400 0.037735700607299805
27500 0.03764176368713379
27600 0.0375370979309082
27700 0.03900432586669922
27800 0.0388181209564209
27900 0.038562774658203125
28000 0.03863239288330078
28100 0.042603254318237305
28200 0.039994239807128906
28300 0.03965187072753906
28400 0.03944087028503418
28500 0.0413365364074707
28600 0.04138350486755371
28700 0.040236711502075195
28800 0.041710615158081055
28900 0.04444098472595215
29000 0.04138803482055664
29100 0.04309368133544922
29200 0.043076515197753906
29300 0.042798757553100586
29400 0.042815446853637695
29500 0.04636096954345703
29600 0.04254889488220215
29700 0.04229331016540527
29800 0.04474616050720215
29900 0.04350113868713379
30000 0.04427528381347656
30100 0.04388904571533203
30200 0.044013261795043945
30300 0.04436159133911133
30400 0.04415535926818848
30500 0.04459571838378906
30600 0.04520773887634277
30700 0.044602155685424805
30800 0.04595828056335449
30900 0.04542255401611328
31000 0.045949459075927734
31100 0.04662513732910156
31200 0.047025442123413086
31300 0.046598196029663086
31400 0.047150611877441406
31500 0.047800540924072266
31600 0.05088496208190918
31700 0.049813270568847656
31800 0.04776287078857422
31900 0.048789262771606445
32000 0.0493321418762207
32100 0.05048632621765137
32200 0.0482325553894043
32300 0.050847768783569336
32400 0.048948049545288086
32500 0.0495452880859375
32600 0.0511929988861084
32700 0.04980969429016113
32800 0.051848411560058594
32900 0.051683902740478516
33000 0.05048370361328125
33100 0.054225921630859375
33200 0.051587820053100586
33300 0.05192708969116211
33400 0.05348634719848633
33500 0.05267643928527832
33600 0.052353620529174805
33700 0.052979230880737305
33800 0.05313444137573242
33900 0.05326724052429199
34000 0.05436444282531738
34100 0.05378556251525879
34200 0.05453300476074219
34300 0.05419421195983887
34400 0.05456113815307617
34500 0.055083513259887695
34600 0.05538654327392578
34700 0.05581164360046387
34800 0.05615687370300293
34900 0.05637764930725098
35000 0.05656075477600098
35100 0.05587196350097656
35200 0.05618739128112793
35300 0.05729103088378906
35400 0.05816221237182617
35500 0.05802798271179199
35600 0.05754899978637695
35700 0.06014680862426758
35800 0.05852627754211426
35900 0.05876445770263672
36000 0.060311079025268555
36100 0.05924844741821289
36200 0.059877634048461914
36300 0.06054878234863281
36400 0.06268906593322754
36500 0.060674190521240234
36600 0.0603489875793457
36700 0.06291627883911133
36800 0.06601786613464355
36900 0.06372928619384766
37000 0.06412577629089355
37100 0.06928539276123047
37200 0.0723257064819336
37300 0.06429696083068848
37400 0.06284523010253906
37500 0.06355953216552734
37600 0.06382513046264648
37700 0.06410765647888184
37800 0.06488680839538574
37900 0.06476235389709473
38000 0.06487274169921875
38100 0.06471109390258789
38200 0.06475090980529785
38300 0.0666952133178711
38400 0.06547880172729492
38500 0.06670165061950684
38600 0.06685805320739746
38700 0.0672006607055664
38800 0.0683286190032959
38900 0.06974077224731445
39000 0.06816530227661133
39100 0.06769275665283203
39200 0.06892085075378418
39300 0.06858515739440918
39400 0.07121491432189941
39500 0.06895279884338379
39600 0.06888055801391602
39700 0.07689738273620605
39800 0.07129621505737305
39900 0.07061886787414551
40000 0.07123875617980957
40100 0.07370352745056152
40200 0.07365751266479492
40300 0.07689499855041504
40400 0.0739591121673584
40500 0.07269287109375
40600 0.07277774810791016
40700 0.07290196418762207
40800 0.07343697547912598
40900 0.07321882247924805
41000 0.07353973388671875
41100 0.07433581352233887
41200 0.07468128204345703
41300 0.0746769905090332
41400 0.07398343086242676
41500 0.08044195175170898
41600 0.07882452011108398
41700 0.07804632186889648
41800 0.07609152793884277
41900 0.08210492134094238
42000 0.07670021057128906
42100 0.07660961151123047
42200 0.07927513122558594
42300 0.08296847343444824
42400 0.08079648017883301
42500 0.08211898803710938
42600 0.07986760139465332
42700 0.07880449295043945
42800 0.07899713516235352
42900 0.08024096488952637
43000 0.07968807220458984
43100 0.08063673973083496
43200 0.08079862594604492
43300 0.07957673072814941
43400 0.08067631721496582
43500 0.08191561698913574
43600 0.0813288688659668
43700 0.08257174491882324
43800 0.08193063735961914
43900 0.0830841064453125
44000 0.08318305015563965
44100 0.0832068920135498
44200 0.0832064151763916
44300 0.08589577674865723
44400 0.08369636535644531
44500 0.0851290225982666
44600 0.09534025192260742
44700 0.08509588241577148
44800 0.0871436595916748
44900 0.09626579284667969
45000 0.10001301765441895
45100 0.0891103744506836
45200 0.0959615707397461
45300 0.08810186386108398
45400 0.08722209930419922
45500 0.08880901336669922
45600 0.08791136741638184
45700 0.08927655220031738
45800 0.08873891830444336
45900 0.08977937698364258
46000 0.09021568298339844
46100 0.09097552299499512
46200 0.0913994312286377
46300 0.09140849113464355
46400 0.09188151359558105
46500 0.09560322761535645
46600 0.0985405445098877
46700 0.09522390365600586
46800 0.09609127044677734
46900 0.10124087333679199
47000 0.10052323341369629
47100 0.1006631851196289
47200 0.10003948211669922
47300 0.09718513488769531
47400 0.10109376907348633
47500 0.1003873348236084
47600 0.09837913513183594
47700 0.10129022598266602
47800 0.09741020202636719
47900 0.0960390567779541
48000 0.0976109504699707
48100 0.09806060791015625
48200 0.09845089912414551
48300 0.09845924377441406
48400 0.10439157485961914
48500 0.09821057319641113
48600 0.09807085990905762
48700 0.10027003288269043
48800 0.10157227516174316
48900 0.10634088516235352
49000 0.10814929008483887
49100 0.10399460792541504
49200 0.10238337516784668
49300 0.11008262634277344
49400 0.1057271957397461
49500 0.10539746284484863
49600 0.10180068016052246
49700 0.10241866111755371
49800 0.10227417945861816
49900 0.10575389862060547
50000 0.11839580535888672
50100 0.11669015884399414
50200 0.13130927085876465
50300 0.12650585174560547
50400 0.13353180885314941
50500 0.13271522521972656
50600 0.11313223838806152
50700 0.10578322410583496
50800 0.10896706581115723
50900 0.1100001335144043
51000 0.11150813102722168
51100 0.10995650291442871
51200 0.11861968040466309
51300 0.1139829158782959
51400 0.10959053039550781
51500 0.10867738723754883
51600 0.1103205680847168
51700 0.11144137382507324
51800 0.11043810844421387
51900 0.11177754402160645
52000 0.11169934272766113
52100 0.11086368560791016
52200 0.11165189743041992
52300 0.11196517944335938
52400 0.11538958549499512
52500 0.11367607116699219
52600 0.11373710632324219
52700 0.12636947631835938
52800 0.12614059448242188
52900 0.11463594436645508
53000 0.11415576934814453
53100 0.11598491668701172
53200 0.11527585983276367
53300 0.1166384220123291
53400 0.11562299728393555
53500 0.12096357345581055
53600 0.11799168586730957
53700 0.11778783798217773
53800 0.12461519241333008
53900 0.12642788887023926
54000 0.11719775199890137
54100 0.12300825119018555
54200 0.12419748306274414
54300 0.12376785278320312
54400 0.12585926055908203
54500 0.12068033218383789
54600 0.12470746040344238
54700 0.12410163879394531
54800 0.12058591842651367
54900 0.12715673446655273
55000 0.12229037284851074
55100 0.12382030487060547
55200 0.12263321876525879
55300 0.1234745979309082
55400 0.12290072441101074
55500 0.12404561042785645
55600 0.1239006519317627
55700 0.12610721588134766
55800 0.125687837600708
55900 0.12710332870483398
56000 0.12796282768249512
56100 0.12843728065490723
56200 0.12701201438903809
56300 0.13232922554016113
56400 0.12756586074829102
56500 0.12869644165039062
56600 0.1294255256652832
56700 0.129103422164917
56800 0.1292707920074463
56900 0.13160347938537598
57000 0.13051962852478027
57100 0.13072991371154785
57200 0.1308760643005371
57300 0.1327507495880127
57400 0.13224363327026367
57500 0.1327829360961914
57600 0.1332075595855713
57700 0.1343214511871338
57800 0.13422727584838867
57900 0.13625431060791016
58000 0.13466548919677734
58100 0.13525009155273438
58200 0.13552141189575195
58300 0.1362316608428955
58400 0.13682150840759277
58500 0.1365525722503662
58600 0.15296244621276855
58700 0.1367199420928955
58800 0.14797186851501465
58900 0.14267325401306152
59000 0.1383678913116455
59100 0.13798761367797852
59200 0.14565610885620117
59300 0.13930845260620117
59400 0.14280343055725098
59500 0.14336657524108887
59600 0.14185786247253418
59700 0.14389896392822266
59800 0.1413862705230713
59900 0.14285016059875488
60000 0.1412196159362793
60100 0.14238786697387695
60200 0.14346003532409668
60300 0.14843344688415527
60400 0.149336576461792
60500 0.14772653579711914
60600 0.1491844654083252
60700 0.15126800537109375
60800 0.14585328102111816
60900 0.14677643775939941
61000 0.14688920974731445
61100 0.1464080810546875
61200 0.1475973129272461
61300 0.1478896141052246
61400 0.15138721466064453
61500 0.15183615684509277
61600 0.15417146682739258
61700 0.1540849208831787
61800 0.15253639221191406
61900 0.15225577354431152
62000 0.1533963680267334
62100 0.15274715423583984
62200 0.1552274227142334
62300 0.15273499488830566
62400 0.1559734344482422
62500 0.1551508903503418
62600 0.1527559757232666
62700 0.16109299659729004
62800 0.15405964851379395
62900 0.15424466133117676
63000 0.16095232963562012
63100 0.16039013862609863
63200 0.16130828857421875
63300 0.16018390655517578
63400 0.16333460807800293
63500 0.16152667999267578
63600 0.164686918258667
63700 0.15967202186584473
63800 0.16025424003601074
63900 0.16082334518432617
64000 0.16278362274169922
64100 0.1668252944946289
64200 0.16434955596923828
64300 0.17427515983581543
64400 0.1656506061553955
64500 0.16913270950317383
64600 0.17644929885864258
64700 0.17082858085632324
64800 0.1659080982208252
64900 0.16649198532104492
65000 0.1660020351409912
65100 0.1680922508239746
65200 0.16861629486083984
65300 0.17534136772155762
65400 0.17467951774597168
65500 0.1694808006286621
65600 0.17316675186157227
65700 0.1702427864074707
65800 0.17664766311645508
65900 0.1678924560546875
66000 0.17855548858642578
66100 0.17150139808654785
66200 0.16973519325256348
66300 0.1708974838256836
66400 0.1788012981414795
66500 0.17113661766052246
66600 0.17549991607666016
66700 0.17428064346313477
66800 0.17547059059143066
66900 0.17382287979125977
67000 0.17499470710754395
67100 0.1765000820159912
67200 0.17371582984924316
67300 0.17578458786010742
67400 0.17457032203674316
67500 0.17821049690246582
67600 0.1789259910583496
67700 0.18532633781433105
67800 0.18026065826416016
67900 0.18100428581237793
68000 0.18046140670776367
68100 0.19852304458618164
68200 0.1814713478088379
68300 0.18124866485595703
68400 0.18152880668640137
68500 0.18172359466552734
68600 0.18068695068359375
68700 0.18215632438659668
68800 0.18245506286621094
68900 0.18931818008422852
69000 0.1930980682373047
69100 0.1913437843322754
69200 0.19649171829223633
69300 0.19129586219787598
69400 0.19080018997192383
69500 0.19304895401000977
69600 0.18716692924499512
69700 0.19608283042907715
69800 0.1940920352935791
69900 0.1921250820159912
70000 0.1932978630065918
70100 0.19703459739685059
70200 0.19849014282226562
70300 0.1933279037475586
70400 0.19523286819458008
70500 0.1968975067138672
70600 0.19808602333068848
70700 0.19124937057495117
70800 0.2057943344116211
70900 0.19555997848510742
71000 0.19456815719604492
71100 0.1983339786529541
71200 0.2011113166809082
71300 0.20184087753295898
71400 0.1962900161743164
71500 0.1965622901916504
71600 0.1943225860595703
71700 0.19621586799621582
71800 0.19828438758850098
71900 0.19961857795715332
72000 0.20396137237548828
72100 0.2011868953704834
72200 0.19804954528808594
72300 0.19990324974060059
72400 0.20165205001831055
72500 0.20138168334960938
72600 0.20075201988220215
72700 0.2118520736694336
72800 0.21390700340270996
72900 0.2300565242767334
73000 0.2075345516204834
73100 0.21370887756347656
73200 0.2036745548248291
73300 0.20785927772521973
73400 0.20699357986450195
73500 0.20974087715148926
73600 0.21972918510437012
73700 0.21888256072998047
73800 0.22392797470092773
73900 0.22377443313598633
74000 0.21921253204345703
74100 0.21278786659240723
74200 0.2137598991394043
74300 0.21145915985107422
74400 0.2108750343322754
74500 0.21684741973876953
74600 0.22272777557373047
74700 0.2115945816040039
74800 0.21289372444152832
74900 0.21280407905578613
75000 0.22065496444702148
75100 0.21610426902770996
75200 0.21609902381896973
75300 0.21650934219360352
75400 0.21725916862487793
75500 0.21679902076721191
75600 0.22783637046813965
75700 0.21935319900512695
75800 0.2188401222229004
75900 0.22097992897033691
76000 0.22601819038391113
76100 0.2178652286529541
76200 0.22672414779663086
76300 0.22081637382507324
76400 0.23631715774536133
76500 0.2366957664489746
76600 0.2379910945892334
76700 0.24606847763061523
76800 0.22762727737426758
76900 0.2232365608215332
77000 0.24631500244140625
77100 0.22591280937194824
77200 0.22847986221313477
77300 0.23215103149414062
77400 0.22416067123413086
77500 0.2282564640045166
77600 0.225907564163208
77700 0.2270796298980713
77800 0.22922968864440918
77900 0.23078298568725586
78000 0.2282397747039795
78100 0.2279810905456543
78200 0.23015046119689941
78300 0.23778367042541504
78400 0.232954740524292
78500 0.23277950286865234
78600 0.23647594451904297
78700 0.23792076110839844
78800 0.2426290512084961
78900 0.2339775562286377
79000 0.23360371589660645
79100 0.23703598976135254
79200 0.23572254180908203
79300 0.2350597381591797
79400 0.2407383918762207
79500 0.23841619491577148
79600 0.24080395698547363
79700 0.2408311367034912
79800 0.23815488815307617
79900 0.2522881031036377
80000 0.24135637283325195
80100 0.24196934700012207
80200 0.24322509765625
80300 0.2437903881072998
80400 0.24530434608459473
80500 0.24088454246520996
80600 0.24159789085388184
80700 0.2427680492401123
80800 0.24878334999084473
80900 0.25560903549194336
81000 0.24672412872314453
81100 0.2474195957183838
81200 0.2489783763885498
81300 0.24791407585144043
81400 0.24898910522460938
81500 0.2529716491699219
81600 0.2525050640106201
81700 0.24976754188537598
81800 0.24950456619262695
81900 0.2539515495300293
82000 0.2574315071105957
82100 0.26193833351135254
82200 0.25312161445617676
82300 0.25327372550964355
82400 0.2536168098449707
82500 0.25232958793640137
82600 0.25633788108825684
82700 0.2554905414581299
82800 0.25672149658203125
82900 0.2563135623931885
83000 0.2599642276763916
83100 0.25614237785339355
83200 0.256441593170166
83300 0.27133679389953613
83400 0.25798988342285156
83500 0.26151537895202637
83600 0.2599000930786133
83700 0.26430630683898926
83800 0.259030818939209
83900 0.26665759086608887
84000 0.26041412353515625
84100 0.2653954029083252
84200 0.2711303234100342
84300 0.2672572135925293
84400 0.273179292678833
84500 0.26720142364501953
84600 0.2630488872528076
84700 0.2664928436279297
84800 0.2649495601654053
84900 0.2699778079986572
85000 0.2718517780303955
85100 0.27199363708496094
85200 0.2681276798248291
85300 0.2744896411895752
85400 0.27140235900878906
85500 0.2753176689147949
85600 0.2701749801635742
85700 0.2710080146789551
85800 0.2752196788787842
85900 0.2770390510559082
86000 0.28652334213256836
86100 0.27326250076293945
86200 0.2726705074310303
86300 0.2729640007019043
86400 0.2755851745605469
86500 0.28158140182495117
86600 0.27730560302734375
86700 0.28107619285583496
86800 0.278186559677124
86900 0.2786252498626709
87000 0.2776143550872803
87100 0.2797660827636719
87200 0.2888820171356201
87300 0.2866201400756836
87400 0.28589391708374023
87500 0.28630709648132324
87600 0.284543514251709
87700 0.2838451862335205
87800 0.2825007438659668
87900 0.28847646713256836
88000 0.28404998779296875
88100 0.2889373302459717
88200 0.2858083248138428
88300 0.28702235221862793
88400 0.28450727462768555
88500 0.28790736198425293
88600 0.2886948585510254
88700 0.28999972343444824
88800 0.2939770221710205
88900 0.29753613471984863
89000 0.2965826988220215
89100 0.28893566131591797
89200 0.2895841598510742
89300 0.3004915714263916
89400 0.29320216178894043
89500 0.2950100898742676
89600 0.2962534427642822
89700 0.2944774627685547
89800 0.29787278175354004
89900 0.2966277599334717
90000 0.29890894889831543
90100 0.2974863052368164
90200 0.2994804382324219
90300 0.29739999771118164
90400 0.29940247535705566
90500 0.3005378246307373
90600 0.2999002933502197
90700 0.30712366104125977
90800 0.30110979080200195
90900 0.31189870834350586
91000 0.316786527633667
91100 0.29878687858581543
91200 0.30929088592529297
91300 0.3101933002471924
91400 0.32273125648498535
91500 0.3070046901702881
91600 0.30870985984802246
91700 0.30767369270324707
91800 0.3121964931488037
91900 0.3072993755340576
92000 0.3083219528198242
92100 0.30981922149658203
92200 0.32068705558776855
92300 0.3221161365509033
92400 0.3085970878601074
92500 0.30982279777526855
92600 0.3135871887207031
92700 0.31360721588134766
92800 0.32155537605285645
92900 0.3156909942626953
93000 0.31049156188964844
93100 0.3123130798339844
93200 0.31530165672302246
93300 0.31815457344055176
93400 0.33324122428894043
93500 0.3205454349517822
93600 0.33054256439208984
93700 0.3184831142425537
93800 0.3321199417114258
93900 0.32651734352111816
94000 0.32060694694519043
94100 0.3227262496948242
94200 0.3253006935119629
94300 0.3201766014099121
94400 0.3235771656036377
94500 0.3229556083679199
94600 0.35148191452026367
94700 0.3373422622680664
94800 0.3253931999206543
94900 0.3258495330810547
95000 0.326141357421875
95100 0.3280034065246582
95200 0.3270382881164551
95300 0.33713746070861816
95400 0.33911895751953125
95500 0.3275461196899414
95600 0.33397889137268066
95700 0.33054161071777344
95800 0.3317859172821045
95900 0.33202290534973145
96000 0.3331940174102783
96100 0.3327314853668213
96200 0.3373751640319824
96300 0.3382291793823242
96400 0.34031200408935547
96500 0.34641599655151367
96600 0.3398425579071045
96700 0.33588099479675293
96800 0.33905792236328125
96900 0.33687686920166016
97000 0.3419978618621826
97100 0.34760475158691406
97200 0.34417057037353516
97300 0.33727240562438965
97400 0.35939908027648926
97500 0.34177303314208984
97600 0.33944225311279297
97700 0.34929513931274414
97800 0.3455069065093994
97900 0.34253883361816406
98000 0.34628963470458984
98100 0.34520387649536133
98200 0.34619951248168945
98300 0.3492004871368408
98400 0.3529853820800781
98500 0.3472859859466553
98600 0.3530411720275879
98700 0.35491299629211426
98800 0.3516960144042969
98900 0.35614943504333496
99000 0.35049986839294434
99100 0.3543519973754883
99200 0.3550539016723633
99300 0.35641002655029297
99400 0.3542451858520508
99500 0.3592383861541748
99600 0.3520951271057129
99700 0.35528135299682617
99800 0.3559541702270508
99900 0.35689854621887207
